1.831055000000000e+000
5.000000000000000e+000
0.000000000000000e+000
0.000000000000000e+000
0.000000000000000e+000
5.000000000000000e+000
1.831055000000000e+000
1.829425421163686e+000
8.059647590004779e-001
8.059698307580713e-001
8.102727100246485e+000
4.943848000000000e+000
9.897404387153577e+000
1.067013868819269e+001
9.858435276472120e+000
8.102732992634316e+000
8.102786024133485e+000
1.971668406770373e+000
1.620534739899402e+000
1.620545345994832e+000
1.620533561444548e+000
3.224197018936865e-001
7.317942445308636e-001
3.224176732287045e-001
-1.757200993893847e-001
1.755709849028768e-001
1.023562095258369e-003
-1.765945469981222e-001
5.892388699990648e-008
5.892387830996882e-008
1.755708176225636e-001
5.071757593344551e-008
1.023460662163208e-003
